1000,2000
0,1
1,2
2,3
3,4
4,5
5,6
6,7
7,8
8,9
9,10
10,11
11,12
12,13
13,14
14,15
15,16
16,17
17,18
18,19
19,20
20,21
21,22
22,23
23,24
24,25
25,26
26,27
27,28
28,29
29,30
30,31
31,32
32,33
33,34
34,35
35,36
36,37
37,38
38,39
39,40
40,41
41,42
42,43
43,44
44,45
45,46
46,47
47,48
48,49
49,50
50,51
51,52
52,53
53,54
54,55
55,56
56,57
57,58
58,59
59,60
60,61
61,62
62,63
63,64
64,65
65,66
66,67
67,68
68,69
69,70
70,71
71,72
72,73
73,74
74,75
75,76
76,77
77,78
78,79
79,80
80,81
81,82
82,83
83,84
84,85
85,86
86,87
87,88
88,89
89,90
90,91
91,92
92,93
93,94
94,95
95,96
96,97
97,98
98,99
99,100
100,101
101,102
102,103
103,104
104,105
105,106
106,107
107,108
108,109
109,110
110,111
111,112
112,113
113,114
114,115
115,116
116,117
117,118
118,119
119,120
120,121
121,122
122,123
123,124
124,125
125,126
126,127
127,128
128,129
129,130
130,131
131,132
132,133
133,134
134,135
135,136
136,137
137,138
138,139
139,140
140,141
141,142
142,143
143,144
144,145
145,146
146,147
147,148
148,149
149,150
150,151
151,152
152,153
153,154
154,155
155,156
156,157
157,158
158,159
159,160
160,161
161,162
162,163
163,164
164,165
165,166
166,167
167,168
168,169
169,170
170,171
171,172
172,173
173,174
174,175
175,176
176,177
177,178
178,179
179,180
180,181
181,182
182,183
183,184
184,185
185,186
186,187
187,188
188,189
189,190
190,191
191,192
192,193
193,194
194,195
195,196
196,197
197,198
198,199
199,200
200,201
201,202
202,203
203,204
204,205
205,206
206,207
207,208
208,209
209,210
210,211
211,212
212,213
213,214
214,215
215,216
216,217
217,218
218,219
219,220
220,221
221,222
222,223
223,224
224,225
225,226
226,227
227,228
228,229
229,230
230,231
231,232
232,233
233,234
234,235
235,236
236,237
237,238
238,239
239,240
240,241
241,242
242,243
243,244
244,245
245,246
246,247
247,248
248,249
249,250
250,251
251,252
252,253
253,254
254,255
255,256
256,257
257,258
258,259
259,260
260,261
261,262
262,263
263,264
264,265
265,266
266,267
267,268
268,269
269,270
270,271
271,272
272,273
273,274
274,275
275,276
276,277
277,278
278,279
279,280
280,281
281,282
282,283
283,284
284,285
285,286
286,287
287,288
288,289
289,290
290,291
291,292
292,293
293,294
294,295
295,296
296,297
297,298
298,299
299,300
300,301
301,302
302,303
303,304
304,305
305,306
306,307
307,308
308,309
309,310
310,311
311,312
312,313
313,314
314,315
315,316
316,317
317,318
318,319
319,320
320,321
321,322
322,323
323,324
324,325
325,326
326,327
327,328
328,329
329,330
330,331
331,332
332,333
333,334
334,335
335,336
336,337
337,338
338,339
339,340
340,341
341,342
342,343
343,344
344,345
345,346
346,347
347,348
348,349
349,350
350,351
351,352
352,353
353,354
354,355
355,356
356,357
357,358
358,359
359,360
360,361
361,362
362,363
363,364
364,365
365,366
366,367
367,368
368,369
369,370
370,371
371,372
372,373
373,374
374,375
375,376
376,377
377,378
378,379
379,380
380,381
381,382
382,383
383,384
384,385
385,386
386,387
387,388
388,389
389,390
390,391
391,392
392,393
393,394
394,395
395,396
396,397
397,398
398,399
399,400
400,401
401,402
402,403
403,404
404,405
405,406
406,407
407,408
408,409
409,410
410,411
411,412
412,413
413,414
414,415
415,416
416,417
417,418
418,419
419,420
420,421
421,422
422,423
423,424
424,425
425,426
426,427
427,428
428,429
429,430
430,431
431,432
432,433
433,434
434,435
435,436
436,437
437,438
438,439
439,440
440,441
441,442
442,443
443,444
444,445
445,446
446,447
447,448
448,449
449,450
450,451
451,452
452,453
453,454
454,455
455,456
456,457
457,458
458,459
459,460
460,461
461,462
462,463
463,464
464,465
465,466
466,467
467,468
468,469
469,470
470,471
471,472
472,473
473,474
474,475
475,476
476,477
477,478
478,479
479,480
480,481
481,482
482,483
483,484
484,485
485,486
486,487
487,488
488,489
489,490
490,491
491,492
492,493
493,494
494,495
495,496
496,497
497,498
498,499
499,500
500,501
501,502
502,503
503,504
504,505
505,506
506,507
507,508
508,509
509,510
510,511
511,512
512,513
513,514
514,515
515,516
516,517
517,518
518,519
519,520
520,521
521,522
522,523
523,524
524,525
525,526
526,527
527,528
528,529
529,530
530,531
531,532
532,533
533,534
534,535
535,536
536,537
537,538
538,539
539,540
540,541
541,542
542,543
543,544
544,545
545,546
546,547
547,548
548,549
549,550
550,551
551,552
552,553
553,554
554,555
555,556
556,557
557,558
558,559
559,560
560,561
561,562
562,563
563,564
564,565
565,566
566,567
567,568
568,569
569,570
570,571
571,572
572,573
573,574
574,575
575,576
576,577
577,578
578,579
579,580
580,581
581,582
582,583
583,584
584,585
585,586
586,587
587,588
588,589
589,590
590,591
591,592
592,593
593,594
594,595
595,596
596,597
597,598
598,599
599,600
600,601
601,602
602,603
603,604
604,605
605,606
606,607
607,608
608,609
609,610
610,611
611,612
612,613
613,614
614,615
615,616
616,617
617,618
618,619
619,620
620,621
621,622
622,623
623,624
624,625
625,626
626,627
627,628
628,629
629,630
630,631
631,632
632,633
633,634
634,635
635,636
636,637
637,638
638,639
639,640
640,641
641,642
642,643
643,644
644,645
645,646
646,647
647,648
648,649
649,650
650,651
651,652
652,653
653,654
654,655
655,656
656,657
657,658
658,659
659,660
660,661
661,662
662,663
663,664
664,665
665,666
666,667
667,668
668,669
669,670
670,671
671,672
672,673
673,674
674,675
675,676
676,677
677,678
678,679
679,680
680,681
681,682
682,683
683,684
684,685
685,686
686,687
687,688
688,689
689,690
690,691
691,692
692,693
693,694
694,695
695,696
696,697
697,698
698,699
699,700
700,701
701,702
702,703
703,704
704,705
705,706
706,707
707,708
708,709
709,710
710,711
711,712
712,713
713,714
714,715
715,716
716,717
717,718
718,719
719,720
720,721
721,722
722,723
723,724
724,725
725,726
726,727
727,728
728,729
729,730
730,731
731,732
732,733
733,734
734,735
735,736
736,737
737,738
738,739
739,740
740,741
741,742
742,743
743,744
744,745
745,746
746,747
747,748
748,749
749,750
750,751
751,752
752,753
753,754
754,755
755,756
756,757
757,758
758,759
759,760
760,761
761,762
762,763
763,764
764,765
765,766
766,767
767,768
768,769
769,770
770,771
771,772
772,773
773,774
774,775
775,776
776,777
777,778
778,779
779,780
780,781
781,782
782,783
783,784
784,785
785,786
786,787
787,788
788,789
789,790
790,791
791,792
792,793
793,794
794,795
795,796
796,797
797,798
798,799
799,800
800,801
801,802
802,803
803,804
804,805
805,806
806,807
807,808
808,809
809,810
810,811
811,812
812,813
813,814
814,815
815,816
816,817
817,818
818,819
819,820
820,821
821,822
822,823
823,824
824,825
825,826
826,827
827,828
828,829
829,830
830,831
831,832
832,833
833,834
834,835
835,836
836,837
837,838
838,839
839,840
840,841
841,842
842,843
843,844
844,845
845,846
846,847
847,848
848,849
849,850
850,851
851,852
852,853
853,854
854,855
855,856
856,857
857,858
858,859
859,860
860,861
861,862
862,863
863,864
864,865
865,866
866,867
867,868
868,869
869,870
870,871
871,872
872,873
873,874
874,875
875,876
876,877
877,878
878,879
879,880
880,881
881,882
882,883
883,884
884,885
885,886
886,887
887,888
888,889
889,890
890,891
891,892
892,893
893,894
894,895
895,896
896,897
897,898
898,899
899,900
900,901
901,902
902,903
903,904
904,905
905,906
906,907
907,908
908,909
909,910
910,911
911,912
912,913
913,914
914,915
915,916
916,917
917,918
918,919
919,920
920,921
921,922
922,923
923,924
924,925
925,926
926,927
927,928
928,929
929,930
930,931
931,932
932,933
933,934
934,935
935,936
936,937
937,938
938,939
939,940
940,941
941,942
942,943
943,944
944,945
945,946
946,947
947,948
948,949
949,950
950,951
951,952
952,953
953,954
954,955
955,956
956,957
957,958
958,959
959,960
960,961
961,962
962,963
963,964
964,965
965,966
966,967
967,968
968,969
969,970
970,971
971,972
972,973
973,974
974,975
975,976
976,977
977,978
978,979
979,980
980,981
981,982
982,983
983,984
984,985
985,986
986,987
987,988
988,989
989,990
990,991
991,992
992,993
993,994
994,995
995,996
996,997
997,998
998,999
1,3
2,6
3,9
4,12
5,15
6,18
7,21
8,24
9,27
10,30
11,33
12,36
13,39
14,42
15,45
16,48
17,51
18,54
19,57
20,60
21,63
22,66
23,69
24,72
25,75
26,78
27,81
28,84
29,87
30,90
31,93
32,96
33,99
34,102
35,105
36,108
37,111
38,114
39,117
40,120
41,123
42,126
43,129
44,132
45,135
46,138
47,141
48,144
49,147
50,150
51,153
52,156
53,159
54,162
55,165
56,168
57,171
58,174
59,177
60,180
61,183
62,186
63,189
64,192
65,195
66,198
67,201
68,204
69,207
70,210
71,213
72,216
73,219
74,222
75,225
76,228
77,231
78,234
79,237
80,240
81,243
82,246
83,249
84,252
85,255
86,258
87,261
88,264
89,267
90,270
91,273
92,276
93,279
94,282
95,285
96,288
97,291
98,294
99,297
100,300
101,303
102,306
103,309
104,312
105,315
106,318
107,321
108,324
109,327
110,330
111,333
112,336
113,339
114,342
115,345
116,348
117,351
118,354
119,357
120,360
121,363
122,366
123,369
124,372
125,375
126,378
127,381
128,384
129,387
130,390
131,393
132,396
133,399
134,402
135,405
136,408
137,411
138,414
139,417
140,420
141,423
142,426
143,429
144,432
145,435
146,438
147,441
148,444
149,447
150,450
151,453
152,456
153,459
154,462
155,465
156,468
157,471
158,474
159,477
160,480
161,483
162,486
163,489
164,492
165,495
166,498
167,501
168,504
169,507
170,510
171,513
172,516
173,519
174,522
175,525
176,528
177,531
178,534
179,537
180,540
181,543
182,546
183,549
184,552
185,555
186,558
187,561
188,564
189,567
190,570
191,573
192,576
193,579
194,582
195,585
196,588
197,591
198,594
199,597
200,600
201,603
202,606
203,609
204,612
205,615
206,618
207,621
208,624
209,627
210,630
211,633
212,636
213,639
214,642
215,645
216,648
217,651
218,654
219,657
220,660
221,663
222,666
223,669
224,672
225,675
226,678
227,681
228,684
229,687
230,690
231,693
232,696
233,699
234,702
235,705
236,708
237,711
238,714
239,717
240,720
241,723
242,726
243,729
244,732
245,735
246,738
247,741
248,744
249,747
250,750
251,753
252,756
253,759
254,762
255,765
256,768
257,771
258,774
259,777
260,780
261,783
262,786
263,789
264,792
265,795
266,798
267,801
268,804
269,807
270,810
271,813
272,816
273,819
274,822
275,825
276,828
277,831
278,834
279,837
280,840
281,843
282,846
283,849
284,852
285,855
286,858
287,861
288,864
289,867
290,870
291,873
292,876
293,879
294,882
295,885
296,888
297,891
298,894
299,897
300,900
301,903
302,906
303,909
304,912
305,915
306,918
307,921
308,924
309,927
310,930
311,933
312,936
313,939
314,942
315,945
316,948
317,951
318,954
319,957
320,960
321,963
322,966
323,969
324,972
325,975
326,978
327,981
328,984
329,987
330,990
331,993
332,996
333,999
334,2
335,5
336,8
337,11
338,14
339,17
340,20
341,23
342,26
343,29
344,32
345,35
346,38
347,41
348,44
349,47
350,50
351,53
352,56
353,59
354,62
355,65
356,68
357,71
358,74
359,77
360,80
361,83
362,86
363,89
364,92
365,95
366,98
367,101
368,104
369,107
370,110
371,113
372,116
373,119
374,122
375,125
376,128
377,131
378,134
379,137
380,140
381,143
382,146
383,149
384,152
385,155
386,158
387,161
388,164
389,167
390,170
391,173
392,176
393,179
394,182
395,185
396,188
397,191
398,194
399,197
400,200
401,203
402,206
403,209
404,212
405,215
406,218
407,221
408,224
409,227
410,230
411,233
412,236
413,239
414,242
415,245
416,248
417,251
418,254
419,257
420,260
421,263
422,266
423,269
424,272
425,275
426,278
427,281
428,284
429,287
430,290
431,293
432,296
433,299
434,302
435,305
436,308
437,311
438,314
439,317
440,320
441,323
442,326
443,329
444,332
445,335
446,338
447,341
448,344
449,347
450,350
451,353
452,356
453,359
454,362
455,365
456,368
457,371
458,374
459,377
460,380
461,383
462,386
463,389
464,392
465,395
466,398
467,401
468,404
469,407
470,410
471,413
472,416
473,419
474,422
475,425
476,428
477,431
478,434
479,437
480,440
481,443
482,446
483,449
484,452
485,455
486,458
487,461
488,464
489,467
490,470
491,473
492,476
493,479
494,482
495,485
496,488
497,491
498,494
499,497
501,503
502,506
503,509
504,512
505,515
506,518
507,521
508,524
509,527
510,530
511,533
512,536
513,539
514,542
515,545
516,548
517,551
518,554
519,557
520,560
521,563
522,566
523,569
524,572
525,575
526,578
527,581
528,584
529,587
530,590
531,593
532,596
533,599
534,602
535,605
536,608
537,611
538,614
539,617
540,620
541,623
542,626
543,629
544,632
545,635
546,638
547,641
548,644
549,647
550,650
551,653
552,656
553,659
554,662
555,665
556,668
557,671
558,674
559,677
560,680
561,683
562,686
563,689
564,692
565,695
566,698
567,701
568,704
569,707
570,710
571,713
572,716
573,719
574,722
575,725
576,728
577,731
578,734
579,737
580,740
581,743
582,746
583,749
584,752
585,755
586,758
587,761
588,764
589,767
590,770
591,773
592,776
593,779
594,782
595,785
596,788
597,791
598,794
599,797
600,800
601,803
602,806
603,809
604,812
605,815
606,818
607,821
608,824
609,827
610,830
611,833
612,836
613,839
614,842
615,845
616,848
617,851
618,854
619,857
620,860
621,863
622,866
623,869
624,872
625,875
626,878
627,881
628,884
629,887
630,890
631,893
632,896
633,899
634,902
635,905
636,908
637,911
638,914
639,917
640,920
641,923
642,926
643,929
644,932
645,935
646,938
647,941
648,944
649,947
650,950
651,953
652,956
653,959
654,962
655,965
656,968
657,971
658,974
659,977
660,980
661,983
662,986
663,989
664,992
665,995
666,998
667,1
668,4
669,7
670,10
671,13
672,16
673,19
674,22
675,25
676,28
677,31
678,34
679,37
680,40
681,43
682,46
683,49
684,52
685,55
686,58
687,61
688,64
689,67
690,70
691,73
692,76
693,79
694,82
695,85
696,88
697,91
698,94
699,97
700,100
701,103
702,106
703,109
704,112
705,115
706,118
707,121
708,124
709,127
710,130
711,133
712,136
713,139
714,142
715,145
716,148
717,151
718,154
719,157
720,160
721,163
722,166
723,169
724,172
725,175
726,178
727,181
728,184
729,187
730,190
731,193
732,196
733,199
734,202
735,205
736,208
737,211
738,214
739,217
740,220
741,223
742,226
743,229
744,232
745,235
746,238
747,241
748,244
749,247
750,250
751,253
752,256
753,259
754,262
755,265
756,268
757,271
758,274
759,277
760,280
761,283
762,286
763,289
764,292
765,295
766,298
767,301
768,304
769,307
770,310
771,313
772,316
773,319
774,322
775,325
776,328
777,331
778,334
779,337
780,340
781,343
782,346
783,349
784,352
785,355
786,358
787,361
788,364
789,367
790,370
791,373
792,376
793,379
794,382
795,385
796,388
797,391
798,394
799,397
800,400
801,403
802,406
803,409
804,412
805,415
806,418
807,421
808,424
809,427
810,430
811,433
812,436
813,439
814,442
815,445
816,448
817,451
818,454
819,457
820,460
821,463
822,466
823,469
824,472
825,475
826,478
827,481
828,484
829,487
830,490
831,493
832,496
833,499
834,502
835,505
836,508
837,511
838,514
839,517
840,520
841,523
842,526
843,529
844,532
845,535
846,538
847,541
848,544
849,547
850,550
851,553
852,556
853,559
854,562
855,565
856,568
857,571
858,574
859,577
860,580
861,583
862,586
863,589
864,592
865,595
866,598
867,601
868,604
869,607
870,610
871,613
872,616
873,619
874,622
875,625
876,628
877,631
878,634
879,637
880,640
881,643
882,646
883,649
884,652
885,655
886,658
887,661
888,664
889,667
890,670
891,673
892,676
893,679
894,682
895,685
896,688
897,691
898,694
899,697
900,700
901,703
902,706
903,709
904,712
905,715
906,718
907,721
908,724
909,727
910,730
911,733
912,736
913,739
914,742
915,745
916,748
917,751
918,754
919,757
920,760
921,763
922,766
923,769
924,772
925,775
926,778
927,781
928,784
929,787
930,790
931,793
932,796
933,799
934,802
935,805
936,808
937,811
938,814
939,817
940,820
941,823
942,826
943,829
944,832
945,835
946,838
947,841
948,844
949,847
950,850
951,853
952,856
953,859
954,862
955,865
956,868
957,871
958,874
959,877
960,880
961,883
962,886
963,889
964,892
965,895
966,898
967,901
968,904
969,907
970,910
971,913
972,916
973,919
974,922
975,925
976,928
977,931
978,934
979,937
980,940
981,943
982,946
983,949
984,952
985,955
986,958
987,961
988,964
989,967
990,970
991,973
992,976
993,979
994,982
995,985
996,988
997,991
998,994
0,999
0,999
0,999
0,999
0
